54057,363
54058,365
54059,366
54060,366
54061,366
54062,365
54063,364
54064,362
54065,363
54066,364
54067,366
54068,366
54069,366
54070,365
54071,364
54072,362
54073,362
54074,363
54075,365
54076,366
54077,366
54078,366
54079,364
54080,363
54081,362
54082,363
54083,365
54084,366
54085,366
54086,366
54087,365
54088,363
54089,362
54090,363
54091,364
54092,366
54093,367
54094,366
54095,365
54096,364
54097,363
54098,362
54099,364
54100,365
54101,366
54102,366
54103,366
54104,365
54105,363
54106,362
54107,363
54108,365
54109,366
54110,367
54111,366
54112,365
54113,364
54114,362
54115,363
54116,364
54117,366
54118,366
54119,366
54120,366
54121,364
54122,363
54123,362
54124,364
54125,366
54126,366
54127,367
54128,366
54129,365
54130,364
54131,362
54132,364
54133,365
54134,367
54135,367
54136,367
54137,365
54138,364
54139,363
54140,363
54141,365
54142,366
54143,367
54144,366
54145,366
54146,365
54147,363
54148,363
54149,364
54150,366
54151,367
54152,367
54153,366
54154,365
54155,363
54156,362
54157,363
54158,365
54159,366
54160,367
54161,366
54162,366
54163,364
54164,363
54165,363
54166,365
54167,366
54168,367
54169,367
54170,366
54171,364
54172,363
54173,363
54174,364
54175,365
54176,367
54177,367
54178,366
54179,365
54180,364
54181,362
54182,363
54183,365
54184,367
54185,367
54186,366
54187,366
54188,364
54189,363
54190,363
54191,364
54192,366
54193,367
54194,366
54195,366
54196,365
54197,363
54198,362
54199,364
54200,365
54201,367
54202,367
54203,366
54204,365
54205,364
54206,362
54207,363
54208,365
54209,366
54210,367
54211,366
54212,365
54213,364
54214,363
54215,363
54216,364
54217,366
54218,366
54219,366
54220,366
54221,364
54222,363
54223,362
54224,364
54225,365
54226,366
54227,367
54228,366
54229,365
54230,364
54231,362
54232,363
54233,365
54234,366
54235,367
54236,366
54237,365
54238,364
54239,362
54240,363
54241,364
54242,366
54243,367
54244,366
54245,365
54246,364
54247,363
54248,362
54249,364
54250,366
54251,367
54252,367
54253,366
54254,365
54255,363
54256,362
54257,363
54258,364
54259,366
54260,366
54261,366
54262,365
54263,364
54264,363
54265,363
54266,364
54267,366
54268,367
54269,366
54270,366
54271,365
54272,363
54273,362
54274,363
54275,365
54276,367
54277,367
54278,366
54279,365
54280,363
54281,362
54282,363
54283,365
54284,366
54285,366
54286,366
54287,365
54288,364
54289,362
54290,363
54291,364
54292,366
54293,367
54294,366
54295,366
54296,365
54297,363
54298,362
54299,363
54300,365
54301,366
54302,367
54303,366
54304,365
54305,364
54306,362
54307,363
54308,365
54309,366
54310,367
54311,366
54312,365
54313,364
54314,363
54315,363
54316,364
54317,366
54318,367
54319,366
54320,366
54321,365
54322,363
54323,362
54324,363
54325,365
54326,366
54327,366
54328,366
54329,365
54330,364
54331,362
54332,363
54333,365
54334,366
54335,367
54336,367
54337,366
54338,365
54339,363
54340,363
54341,364
54342,365
54343,366
54344,366
54345,366
54346,365
54347,363
54348,362
54349,363
54350,365
54351,366
54352,366
54353,366
54354,365
54355,364
54356,362
54357,363
54358,364
54359,366
54360,367
54361,366
54362,365
54363,364
54364,363
54365,363
54366,364
54367,366
54368,366
54369,366
54370,366
54371,365
54372,363
54373,362
54374,363
54375,365
54376,366
54377,366
54378,366
54379,365
54380,364
54381,362
54382,363
54383,364
54384,366
54385,367
54386,366
54387,365
54388,364
54389,363
54390,362
54391,364
54392,365
54393,367
54394,366
54395,366
54396,365
54397,363
54398,362
54399,364
54400,365
54401,366
54402,367
54403,366
54404,365
54405,364
54406,362
54407,363
54408,365
54409,366
54410,367
54411,366
54412,365
54413,364
54414,363
54415,362
54416,364
54417,366
54418,367
54419,367
54420,366
54421,365
54422,364
54423,363
54424,363
54425,365
54426,366
54427,366
54428,366
54429,365
54430,364
54431,363
54432,363
54433,365
54434,366
54435,366
54436,366
54437,365
54438,364
54439,363
54440,362
54441,364
54442,365
54443,367
54444,366
54445,366
54446,365
54447,363
54448,362
54449,363
54450,365
54451,366
54452,367
54453,366
54454,365
54455,364
54456,363
54457,363
54458,364
54459,366
54460,367
54461,366
54462,366
54463,364
54464,363
54465,362
54466,364
54467,365
54468,367
54469,367
54470,366
54471,365
54472,364
54473,362
54474,363
54475,365
54476,366
54477,367
54478,366
54479,365
54480,364
54481,363
54482,363
54483,365
54484,366
54485,367
54486,366
54487,366
54488,364
54489,363
54490,362
54491,364
54492,365
54493,366
54494,367
54495,366
54496,365
54497,363
54498,362
54499,363
54500,365
54501,366
54502,367
54503,367
54504,366
54505,365
54506,363
54507,363
54508,365
54509,366
54510,367
54511,367
54512,365
54513,364
54514,363
54515,362
54516,364
54517,365
54518,366
54519,367
54520,366
54521,365
54522,364
54523,362
54524,363
54525,365
54526,366
54527,367
54528,367
54529,365
54530,364
54531,363
54532,363
54533,364
54534,366
54535,367
54536,366
54537,366
54538,364
54539,363
54540,362
54541,364
54542,365
54543,367
54544,367
54545,366
54546,365
54547,364
54548,362
54549,363
54550,365
54551,367
54552,367
54553,366
54554,366
54555,364
54556,363
54557,363
54558,365
54559,366
54560,367
54561,367
54562,366
54563,365
54564,364
54565,362
54566,364
54567,365
54568,366
54569,366
54570,366
54571,365
54572,364
54573,362
54574,363
54575,365
54576,366
54577,367
54578,366
54579,365
54580,364
54581,363
54582,363
54583,364
54584,366
54585,367
54586,366
54587,366
54588,365
54589,363
54590,362
54591,364
54592,365
54593,367
54594,367
54595,366
54596,365
54597,364
54598,363
54599,363
54600,365
54601,366
54602,367
54603,366
54604,365
54605,364
54606,363
54607,363
54608,365
54609,366
54610,367
54611,367
54612,366
54613,365
54614,364
54615,363
54616,364
54617,365
54618,366
54619,367
54620,366
54621,365
54622,364
54623,362
54624,363
54625,365
54626,366
54627,367
54628,367
54629,366
54630,365
54631,363
54632,363
54633,364
54634,366
54635,366
54636,366
54637,366
54638,365
54639,363
54640,362
54641,364
54642,365
54643,366
54644,367
54645,366
54646,365
54647,364
54648,363
54649,363
54650,365
54651,366
54652,367
54653,366
54654,366
54655,364
54656,363
54657,363
54658,364
54659,366
54660,367
54661,366
54662,366
54663,365
54664,363
54665,362
54666,364
54667,365
54668,366
54669,367
54670,366
54671,365
54672,364
54673,363
54674,363
54675,365
54676,366
54677,367
54678,367
54679,366
54680,365
54681,363
54682,363
54683,364
54684,366
54685,367
54686,366
54687,366
54688,365
54689,363
54690,362
54691,364
54692,366
54693,367
54694,367
54695,367
54696,366
54697,364
54698,363
54699,364
54700,365
54701,366
54702,367
54703,366
54704,365
54705,364
54706,363
54707,362
54708,364
54709,366
54710,367
54711,367
54712,366
54713,365
54714,364
54715,363
54716,364
54717,365
54718,367
54719,367
54720,366
54721,366
54722,364
54723,363
54724,363
54725,365
54726,366
54727,367
54728,367
54729,366
54730,365
54731,363
54732,363
54733,364
54734,366
54735,367
54736,367
54737,366
54738,365
54739,364
54740,362
54741,364
54742,365
54743,367
54744,367
54745,366
54746,366
54747,364
54748,363
54749,363
54750,365
54751,366
54752,367
54753,366
54754,365
54755,365
54756,363
54757,363
54758,364
54759,366
54760,367
54761,367
54762,367
54763,365
54764,364
54765,363
54766,364
54767,365
54768,366
54769,367
54770,366
54771,365
54772,364
54773,363
54774,363
54775,364
54776,366
54777,367
54778,367
54779,366
54780,365
54781,363
54782,363
54783,364
54784,365
54785,367
54786,367
54787,366
54788,365
54789,364
54790,363
54791,364
54792,365
54793,367
54794,367
54795,367
54796,366
54797,364
54798,363
54799,363
54800,365
54801,366
54802,367
54803,367
54804,366
54805,365
54806,363
54807,363
54808,364
54809,366
54810,367
54811,367
54812,366
54813,365
54814,364
54815,363
54816,364
54817,365
54818,367
54819,367
54820,367
54821,366
54822,364
54823,363
54824,363
54825,365
54826,366
54827,367
54828,367
54829,366
54830,365
54831,364
54832,363
54833,364
54834,366
54835,367
54836,367
54837,367
54838,365
54839,364
54840,362
54841,364
54842,365
54843,366
54844,367
54845,367
54846,366
54847,364
54848,363
54849,363
54850,365
54851,366
54852,367
54853,366
54854,366
54855,365
54856,363
54857,362
54858,364
54859,366
54860,367
54861,367
54862,366
54863,365
54864,364
54865,363
54866,364
54867,365
54868,366
54869,367
54870,366
54871,366
54872,364
54873,363
54874,363
54875,365
54876,366
54877,367
54878,367
54879,366
54880,365
54881,364
54882,363
54883,364
54884,366
54885,367
54886,367
54887,366
54888,365
54889,364
54890,363
54891,363
54892,365
54893,367
54894,367
54895,367
54896,366
54897,365
54898,364
54899,363
54900,365
54901,367
54902,367
54903,367
54904,366
54905,365
54906,363
54907,363
54908,364
54909,366
54910,367
54911,367
54912,367
54913,366
54914,364
54915,363
54916,364
54917,365
54918,367
54919,367
54920,367
54921,366
54922,365
54923,363
54924,363
54925,365
54926,366
54927,367
54928,366
54929,366
54930,365
54931,364
54932,363
54933,364
54934,365
54935,367
54936,367
54937,366
54938,365
54939,364
54940,363
54941,364
54942,365
54943,366
54944,367
54945,367
54946,366
54947,365
54948,363
54949,363
54950,365
54951,366
54952,367
54953,367
54954,366
54955,365
54956,364
54957,363
54958,364
54959,366
54960,367
54961,367
54962,367
54963,366
54964,364
54965,363
54966,364
54967,365
54968,367
54969,367
54970,366
54971,366
54972,365
54973,363
54974,362
54975,365
54976,366
54977,367
54978,367
54979,366
54980,365
54981,364
54982,363
54983,364
54984,365
54985,367
54986,367
54987,367
54988,365
54989,364
54990,363
54991,363
54992,365
54993,366
54994,367
54995,367
54996,366
54997,365
54998,363
54999,363
55000,364
55001,366
55002,367
55003,367
55004,366
55005,365
55006,364
55007,363
55008,364
55009,365
55010,367
55011,367
55012,367
55013,366
55014,364
55015,363
55016,363
55017,365
55018,367
55019,367
55020,367
55021,366
55022,365
55023,363
55024,363
55025,364
55026,366
55027,367
55028,367
55029,366
55030,366
55031,364
55032,363
55033,364
55034,366
55035,367
55036,368
55037,367
55038,366
55039,364
55040,363
55041,363
55042,365
55043,366
55044,367
55045,367
55046,366
55047,365
55048,363
55049,363
55050,364
55051,366
55052,367
55053,367
55054,366
55055,365
55056,364
55057,363
55058,364
55059,365
55060,367
55061,367
55062,367
55063,366
55064,364
55065,363
55066,363
55067,365
55068,366
55069,367
55070,367
55071,366
55072,365
55073,363
55074,363
55075,365
55076,366
55077,367
55078,367
55079,367
55080,365
55081,364
55082,363
55083,364
55084,366
55085,367
55086,367
55087,367
55088,366
55089,365
55090,363
55091,363
55092,365
55093,367
55094,367
55095,367
55096,366
55097,365
55098,364
55099,363
55100,365
55101,366
55102,367
55103,367
55104,366
55105,366
55106,364
55107,363
55108,364
55109,365
55110,366
55111,367
55112,367
55113,366
55114,364
55115,363
55116,363
55117,365
55118,366
55119,367
55120,367
55121,366
55122,365
55123,363
55124,363
55125,364
55126,366
55127,367
55128,367
55129,366
55130,366
55131,364
55132,363
55133,364
55134,365
55135,367
55136,367
55137,367
55138,366
55139,364
55140,363
55141,363
55142,365
55143,366
55144,367
55145,367
55146,366
55147,365
55148,364
55149,363
55150,364
55151,366
55152,367
55153,367
55154,367
55155,365
55156,364
55157,363
55158,364
55159,365
55160,367
55161,367
55162,367
55163,366
55164,365
55165,363
55166,363
55167,365
55168,366
55169,367
55170,367
55171,366
55172,365
55173,364
55174,363
55175,364
55176,366
55177,367
55178,367
55179,366
55180,365
55181,364
55182,363
55183,364
55184,365
55185,367
55186,367
55187,367
55188,366
55189,365
55190,363
55191,363
55192,365
55193,366
55194,367
55195,367
55196,366
55197,365
55198,364
55199,363
55200,364
55201,366
55202,367
55203,367
55204,366
55205,366
55206,364
55207,363
55208,364
55209,365
55210,367
55211,367
55212,367
55213,366
55214,365
55215,363
55216,363
55217,365
55218,366
55219,367
55220,367
55221,366
55222,365
55223,364
55224,363
55225,364
55226,366
55227,367
55228,367
55229,367
55230,366
55231,365
55232,363
55233,364
55234,366
55235,367
55236,368
55237,367
55238,366
55239,365
55240,363
55241,363
55242,365
55243,366
55244,367
55245,367
55246,366
55247,365
55248,364
55249,363
55250,364
55251,366
55252,367
55253,367
55254,367
55255,365
55256,364
55257,363
55258,363
55259,365
55260,367
55261,367
55262,367
55263,366
55264,365
55265,363
55266,363
55267,365
55268,366
55269,367
55270,367
55271,366
55272,365
55273,364
55274,363
55275,364
55276,366
55277,367
55278,367
55279,367
55280,366
55281,364
55282,363
55283,364
55284,365
55285,367
55286,367
55287,367
55288,366
55289,365
55290,363
55291,363
55292,365
55293,366
55294,367
55295,367
55296,367
55297,365
55298,364
55299,363
55300,364
55301,366
55302,367
55303,368
55304,366
55305,366
55306,365
55307,363
55308,364
55309,365
55310,366
55311,367
55312,367
55313,366
55314,365
55315,363
55316,363
55317,365
55318,366
55319,367
55320,367
55321,366
55322,365
55323,364
55324,363
55325,364
55326,366
55327,367
55328,367
55329,367
55330,366
55331,365
55332,363
55333,364
55334,365
55335,367
55336,367
55337,367
55338,366
55339,365
55340,363
55341,363
55342,365
55343,366
55344,367
55345,367
55346,367
55347,365
55348,364
55349,363
55350,364
55351,366
55352,367
55353,367
55354,367
55355,366
55356,365
55357,363
55358,363
55359,365
55360,367
55361,367
55362,367
55363,366
55364,365
55365,364
55366,363
55367,365
55368,367
55369,368
55370,368
55371,367
55372,366
55373,364
55374,363
55375,364
55376,366
55377,367
55378,367
55379,367
55380,366
55381,365
55382,363
55383,364
55384,365
55385,367
55386,367
55387,367
55388,366
55389,365
55390,363
55391,363
55392,365
55393,366
55394,367
55395,367
55396,366
55397,366
55398,364
55399,363
55400,364
55401,366
55402,366
55403,367
55404,367
55405,366
55406,364
55407,363
55408,363
55409,365
55410,367
55411,367
55412,367
55413,366
55414,365
55415,364
55416,363
55417,365
55418,366
55419,367
55420,367
55421,367
55422,365
55423,364
55424,363
55425,364
55426,365
55427,367
55428,367
55429,367
55430,366
55431,365
55432,363
55433,364
55434,366
55435,366
55436,368
55437,367
55438,367
55439,366
55440,364
55441,363
55442,364
55443,366
55444,367
55445,367
55446,366
55447,365
55448,364
55449,363
55450,364
55451,366
55452,367
55453,367
55454,367
55455,366
55456,365
55457,363
55458,363
55459,365
55460,366
55461,367
55462,367
55463,366
55464,365
55465,364
55466,363
55467,364
55468,366
55469,367
55470,367
55471,367
55472,365
55473,364
55474,363
55475,364
55476,366
55477,367
55478,367
55479,367
55480,366
55481,365
55482,363
55483,364
55484,365
55485,366
55486,367
55487,367
55488,367
55489,365
55490,364
55491,363
55492,365
55493,366
55494,367
55495,367
55496,366
55497,365
55498,364
55499,363
55500,364
55501,365
55502,367
55503,367
55504,367
55505,366
55506,365
55507,363
55508,363
55509,365
55510,366
55511,367
55512,367
55513,366
55514,365
55515,364
55516,363
55517,364
55518,366
55519,367
55520,367
55521,366
55522,366
55523,364
55524,363
55525,364
55526,366
55527,367
55528,367
55529,367
55530,366
55531,365
55532,363
55533,363
55534,365
55535,366
55536,367
55537,367
55538,366
55539,365
55540,364
55541,363
55542,364
55543,366
55544,367
55545,367
55546,367
55547,366
55548,364
55549,363
55550,364
55551,366
55552,367
55553,368
55554,367
55555,366
55556,365
55557,363
55558,363
55559,365
55560,366
55561,367
55562,367
55563,366
55564,365
55565,364
55566,363
55567,365
55568,366
55569,367
55570,367
55571,367
55572,366
55573,364
55574,363
55575,364
55576,365
55577,367
55578,367
55579,367
55580,366
55581,365
55582,363
55583,364
55584,365
55585,366
55586,367
55587,367
55588,366
55589,365
55590,364
55591,363
55592,364
55593,366
55594,367
55595,368
55596,367
55597,366
55598,365
55599,363
55600,364
55601,366
55602,367
55603,367
55604,367
55605,366
55606,365
55607,363
55608,363
55609,365
55610,366
55611,367
55612,367
55613,366
55614,366
55615,364
55616,363
55617,364
55618,366
55619,367
55620,368
55621,367
55622,366
55623,365
55624,363
55625,363
55626,365
55627,367
55628,367
55629,367
55630,366
55631,365
55632,364
55633,364
55634,365
55635,366
55636,367
55637,367
55638,367
55639,366
55640,364
55641,363
55642,365
55643,366
55644,367
55645,368
55646,367
55647,366
55648,365
55649,363
55650,364
55651,365
55652,367
55653,367
55654,367
55655,366
55656,365
55657,363
55658,363
55659,365
55660,366
55661,367
55662,367
55663,367
55664,365
55665,364
55666,363
55667,364
55668,366
55669,367
55670,368
55671,367
55672,366
55673,364
55674,363
55675,364
55676,365
55677,367
55678,367
55679,367
55680,366
55681,365
55682,364
55683,363
55684,365
55685,366
55686,367
55687,367
55688,367
55689,365
55690,364
55691,363
55692,364
55693,366
55694,367
55695,367
55696,367
55697,366
55698,365
55699,363
55700,364
55701,365
55702,366
55703,367
55704,367
55705,366
55706,365
55707,364
55708,363
55709,364
55710,366
55711,368
55712,367
55713,367
55714,365
55715,364
55716,363
55717,364
55718,366
55719,367
55720,367
55721,367
55722,366
55723,365
55724,363
55725,363
55726,365
55727,367
55728,367
55729,367
55730,366
55731,365
55732,364
55733,363
55734,365
55735,366
55736,367
55737,367
55738,367
55739,365
55740,364
55741,363
55742,364
55743,366
55744,367
55745,367
55746,367
55747,366
55748,365
55749,363
55750,364
55751,366
55752,367
55753,367
55754,367
55755,366
55756,365
55757,364
55758,363
55759,365
55760,366
55761,367
55762,367
55763,367
55764,366
55765,364
55766,363
55767,364
55768,365
55769,367
55770,367
55771,367
55772,366
55773,365
55774,364
55775,363
55776,366
55777,367
55778,367
55779,367
55780,366
55781,365
55782,364
55783,363
55784,364
55785,366
55786,367
55787,367
55788,366
55789,366
55790,364
55791,363
55792,364
55793,366
55794,367
55795,367
55796,367
55797,366
55798,365
55799,363
55800,363
55801,365
55802,367
55803,367
55804,367
55805,366
55806,365
55807,364
55808,363
55809,364
55810,366
55811,367
55812,367
55813,367
55814,366
55815,364
55816,363
55817,364
55818,366
55819,367
55820,367
55821,367
55822,366
55823,365
55824,363
55825,363
55826,365
55827,366
55828,367
55829,367
55830,366
55831,365
55832,364
55833,363
55834,364
55835,366
55836,367
55837,367
55838,367
55839,365
55840,365
55841,363
55842,364
55843,365
55844,367
55845,367
55846,367
55847,366
55848,365
55849,363
55850,363
55851,365
55852,366
55853,367
55854,367
55855,366
55856,366
55857,364
55858,363
55859,364
55860,366
55861,367
55862,367
55863,367
55864,366
55865,365
55866,363
55867,364
55868,365
55869,367
55870,367
55871,367
55872,366
55873,365
55874,363
55875,363
55876,365
55877,366
55878,367
55879,367
55880,367
55881,365
55882,364
55883,363
55884,364
55885,366
55886,367
55887,367
55888,367
55889,366
55890,364
55891,363
55892,364
55893,365
55894,367
55895,367
55896,367
55897,366
55898,365
55899,363
55900,363
55901,365
55902,366
55903,367
55904,367
55905,367
55906,365
55907,364
55908,363
55909,364
55910,366
55911,367
55912,368
55913,367
55914,366
55915,364
55916,363
55917,364
55918,365
55919,367
55920,367
55921,367
55922,366
55923,365
55924,364
55925,363
55926,365
55927,366
55928,367
55929,367
55930,367
55931,365
55932,364
55933,363
55934,364
55935,366
55936,367
55937,367
55938,367
55939,366
55940,364
55941,363
55942,364
55943,365
55944,367
55945,367
55946,367
55947,366
55948,365
55949,364
55950,364
55951,365
55952,366
55953,367
55954,367
55955,367
55956,365
55957,364
55958,363
55959,364
55960,366
55961,367
55962,367
55963,367
55964,366
55965,364
55966,363
55967,364
55968,365
55969,367
55970,367
55971,367
55972,366
55973,365
55974,364
55975,364
55976,365
55977,367
55978,367
55979,367
55980,367
55981,365
55982,364
55983,363
55984,364
55985,366
55986,367
55987,367
55988,367
55989,366
55990,364
55991,363
55992,364
55993,365
55994,367
55995,367
55996,367
55997,366
55998,365
55999,364
56000,363
56001,365
56002,366
56003,367
56004,367
56005,366
56006,365
56007,364
56008,363
56009,364
56010,366
56011,367
56012,367
56013,367
56014,366
56015,365
56016,363
56017,363
56018,365
56019,367
56020,367
56021,367
56022,366
56023,365
56024,364
56025,363
56026,365
56027,366
56028,367
56029,367
56030,367
56031,365
56032,364
56033,363
56034,364
56035,366
56036,367
56037,367
56038,367
56039,366
56040,365
56041,364
56042,364
56043,366
56044,367
56045,368
56046,367
56047,366
56048,366
56049,363
56050,363
56051,364
56052,366
56053,367
56054,367
56055,366
56056,366
56057,364
56058,363
56059,364
56060,366
56061,367
56062,367
56063,367
56064,366
56065,364
56066,363
56067,364
56068,365
56069,367
56070,367
56071,367
56072,366
56073,365
56074,363
56075,363
56076,364
56077,366
56078,367
56079,367
56080,366
56081,366
56082,364
56083,363
56084,364
56085,366
56086,367
56087,367
56088,367
56089,366
56090,365
56091,363
56092,363
56093,365
56094,367
56095,367
56096,367
56097,366
56098,365
56099,363
56100,363
56101,364
56102,366
56103,367
56104,367
56105,366
56106,365
56107,364
56108,363
56109,364
56110,366
56111,367
56112,367
56113,367
56114,366
56115,364
56116,363
56117,363
56118,365
56119,367
56120,367
56121,367
56122,366
56123,365
56124,364
56125,363
56126,364
56127,366
56128,367
56129,367
56130,367
56131,366
56132,364
56133,363
56134,364
56135,365
56136,367
56137,367
56138,367
56139,366
56140,365
56141,363
56142,363
56143,365
56144,366
56145,367
56146,367
56147,366
56148,365
56149,364
56150,363
56151,364
56152,366
56153,367
56154,367
56155,367
56156,365
56157,364
56158,363
56159,364
56160,365
56161,367
56162,367
56163,367
56164,366
56165,365
56166,363
56167,363
56168,365
56169,366
56170,367
56171,367
56172,366
56173,365
56174,363
56175,363
56176,365
56177,366
56178,367
56179,368
56180,367
56181,365
56182,365
56183,363
56184,364
56185,366
56186,367
56187,367
56188,366
56189,366
56190,364
56191,363
56192,364
56193,365
56194,366
56195,367
56196,367
56197,366
56198,365
56199,364
56200,363
56201,364
56202,366
56203,367
56204,367
56205,366
56206,366
56207,364
56208,363
56209,363
56210,365
56211,367
56212,367
56213,367
56214,366
56215,365
56216,363
56217,363
56218,365
56219,366
56220,367
56221,367
56222,366
56223,365
56224,364
56225,363
56226,364
56227,366
56228,367
56229,367
56230,367
56231,366
56232,364
56233,363
56234,364
56235,365
56236,367
56237,367
56238,367
56239,366
56240,364
56241,364
56242,363
56243,365
56244,366
56245,367
56246,367
56247,366
56248,365
56249,363
56250,362
56251,364
56252,366
56253,366
56254,367
56255,366
56256,365
56257,364
56258,363
56259,363
56260,365
56261,366
56262,367
56263,367
56264,366
56265,365
56266,363
56267,363
56268,365
56269,366
56270,367
56271,367
56272,366
56273,365
56274,364
56275,362
56276,364
56277,365
56278,367
56279,367
56280,366
56281,365
56282,364
56283,363
56284,363
56285,365
56286,366
56287,367
56288,367
56289,366
56290,364
56291,363
56292,363
56293,364
56294,366
56295,367
56296,367
56297,366
56298,365
56299,364
56300,363
56301,364
56302,366
56303,367
56304,367
56305,366
56306,365
56307,365
56308,362
56309,363
56310,365
56311,366
56312,367
56313,367
56314,366
56315,364
56316,363
56317,363
56318,364
56319,366
56320,367
56321,367
56322,366
56323,365
56324,364
56325,362
56326,364
56327,365
56328,367
56329,367
56330,366
56331,366
56332,364
56333,363
56334,363
56335,365
56336,366
56337,367
56338,367
56339,366
56340,365
56341,363
56342,363
56343,364
56344,366
56345,367
56346,367
56347,366
56348,365
56349,364
56350,363
56351,364
56352,365
56353,367
56354,367
56355,366
56356,365
56357,364
56358,363
56359,363
56360,365
56361,366
56362,367
56363,367
56364,366
56365,365
56366,363
56367,363
56368,364
56369,366
56370,367
56371,367
56372,366
56373,365
56374,364
56375,363
56376,364
56377,365
56378,367
56379,367
56380,367
56381,366
56382,365
56383,363
56384,363
56385,365
56386,366
56387,367
56388,366
56389,366
56390,364
56391,363
56392,363
56393,364
56394,366
56395,367
56396,367
56397,366
56398,365
56399,364
56400,362
56401,364
56402,365
56403,367
56404,367
56405,366
56406,365
56407,364
56408,362
56409,363
56410,365
56411,366
56412,367
56413,367
56414,366
56415,365
56416,363
56417,363
56418,364
56419,366
56420,367
56421,367
56422,366
56423,365
56424,364
56425,363
56426,363
56427,365
56428,367
56429,367
56430,367
56431,365
56432,364
56433,363
56434,363
56435,365
56436,366
56437,367
56438,367
56439,366
56440,364
56441,363
56442,363
56443,364
56444,366
56445,367
56446,367
56447,367
56448,365
56449,364
56450,363
56451,364
56452,365
56453,366
56454,367
56455,366
56456,365
56457,364
56458,363
56459,363
56460,365
56461,366
56462,367
56463,367
56464,366
56465,365
56466,363
56467,363
56468,364
56469,366
56470,367
56471,367
56472,366
56473,365
56474,364
56475,363
56476,363
56477,365
56478,367
56479,367
56480,367
56481,366
56482,365
56483,363
56484,363
56485,365
56486,366
56487,367
56488,367
56489,366
56490,365
56491,363
56492,362
56493,364
56494,365
56495,367
56496,367
56497,366
56498,365
56499,364
56500,363
56501,363
56502,365
56503,366
56504,367
56505,366
56506,365
56507,364
56508,363
56509,363
56510,365
56511,366
56512,367
56513,367
56514,366
56515,365
56516,364
56517,363
56518,364
56519,366
56520,367
56521,366
56522,366
56523,365
56524,364
56525,362
56526,363
56527,365
56528,366
56529,367
56530,367
56531,366
56532,364
56533,363
56534,363
56535,365
56536,366
56537,367
56538,367
56539,366
56540,365
56541,364
56542,363
56543,364
56544,365
56545,367
56546,367
56547,366
56548,365
56549,364
56550,363
56551,363
56552,365
56553,366
56554,367
56555,366
56556,366
56557,364
56558,363
56559,363
56560,364
56561,366
56562,367
56563,367
56564,366
56565,365
56566,364
56567,363
56568,364
56569,365
56570,367
56571,367
56572,366
56573,365
56574,364
56575,362
56576,363
56577,365
56578,366
56579,367
56580,367
56581,366
56582,365
56583,363
56584,363
56585,364
56586,366
56587,366
56588,366
56589,366
56590,365
56591,363
56592,362
56593,364
56594,365
56595,367
56596,367
56597,366
56598,365
56599,364
56600,363
56601,363
56602,365
56603,366
56604,367
56605,367
56606,366
56607,364
56608,363
56609,363
56610,364
56611,366
56612,367
56613,367
56614,366
56615,365
56616,363
56617,363
56618,364
56619,365
56620,366
56621,367
56622,366
56623,365
56624,364
56625,363
56626,363
56627,365
56628,366
56629,367
56630,367
56631,366
56632,365
56633,363
56634,363
56635,364
56636,366
56637,367
56638,367
56639,366
56640,365
56641,364
56642,363
56643,364
56644,365
56645,366
56646,367
56647,367
56648,365
56649,364
56650,363
56651,363
56652,365
56653,366
56654,367
56655,366
56656,366
56657,364
56658,363
56659,362
56660,364
56661,366
56662,366
56663,367
56664,366
56665,365
56666,364
56667,363
56668,363
56669,365
56670,367
56671,367
56672,366
56673,365
56674,364
56675,363
56676,363
56677,365
56678,366
56679,367
56680,367
56681,366
56682,365
56683,363
56684,363
56685,364
56686,366
56687,367
56688,367
56689,366
56690,365
56691,363
56692,363
56693,364
56694,365
56695,367
56696,367
56697,367
56698,366
56699,364
56700,363
56701,363
56702,365
56703,366
56704,367
56705,366
56706,366
56707,365
56708,363
56709,363
56710,364
56711,366
56712,367
56713,367
56714,366
56715,365
56716,364
56717,363
56718,364
56719,365
56720,367
56721,367
56722,366
56723,365
56724,364
56725,362
56726,363
56727,364
56728,366
56729,367
56730,367
56731,366
56732,365
56733,363
56734,363
56735,364
56736,366
56737,367
56738,367
56739,366
56740,365
56741,364
56742,363
56743,364
56744,365
56745,366
56746,367
56747,367
56748,365
56749,364
56750,363
56751,363
56752,365
56753,366
56754,367
56755,367
56756,366
56757,365
56758,363
56759,362
56760,364
56761,366
56762,367
56763,367
56764,366
56765,366
56766,364
56767,363
56768,363
56769,365
56770,366
56771,367
56772,366
56773,365
56774,364
56775,363
56776,363
56777,365
56778,366
56779,367
56780,367
56781,366
56782,365
56783,364
56784,363
56785,364
56786,366
56787,367
56788,367
56789,366
56790,365
56791,364
56792,362
56793,363
56794,365
56795,366
56796,367
56797,366
56798,366
56799,365
56800,363
56801,363
56802,365
56803,366
56804,367
56805,367
56806,366
56807,364
56808,363
56809,363
56810,364
56811,365
56812,366
56813,367
56814,366
56815,365
56816,364
56817,363
56818,363
56819,365
56820,366
56821,367
56822,367
56823,366
56824,364
56825,363
56826,363
56827,364
56828,366
56829,367
56830,367
56831,366
56832,365
56833,364
56834,363
56835,364
56836,366
56837,367
56838,367
56839,366
56840,365
56841,364
56842,363
56843,363
56844,365
56845,366
56846,367
56847,367
56848,366
56849,364
56850,363
56851,363
56852,365
56853,366
56854,367
56855,367
56856,366
56857,365
56858,363
56859,362
56860,364
56861,365
56862,366
56863,367
56864,366
56865,366
56866,364
56867,363
56868,364
56869,365
56870,367
56871,367
56872,367
56873,366
56874,364
56875,363
56876,363
56877,364
56878,366
56879,367
56880,367
56881,366
56882,365
56883,364
56884,363
56885,364
56886,366
56887,367
56888,367
56889,366
56890,365
56891,364
56892,363
56893,364
56894,365
56895,366
56896,367
56897,367
56898,366
56899,365
56900,363
56901,363
56902,364
56903,366
56904,367
56905,367
56906,366
56907,365
56908,363
56909,362
56910,364
56911,365
56912,367
56913,367
56914,366
56915,365
56916,364
56917,363
56918,363
56919,365
56920,366
56921,367
56922,367
56923,366
56924,364
56925,363
56926,363
56927,364
56928,366
56929,367
56930,367
56931,366
56932,365
56933,364
56934,363
56935,364
56936,366
56937,367
56938,367
56939,366
56940,365
56941,364
56942,362
56943,363
56944,365
56945,367
56946,367
56947,366
56948,366
56949,365
56950,363
56951,363
56952,364
56953,366
56954,367
56955,367
56956,366
56957,365
56958,364
56959,363
56960,364
56961,365
56962,367
56963,367
56964,367
56965,366
56966,364
56967,363
56968,363
56969,365
56970,366
56971,367
56972,367
56973,366
56974,365
56975,363
56976,363
56977,364
56978,366
56979,367
56980,367
56981,366
56982,365
56983,364
56984,363
56985,364
56986,365
56987,367
56988,367
56989,367
56990,365
56991,364
56992,363
56993,363
56994,365
56995,366
56996,367
56997,366
56998,366
56999,365
57000,363
57001,363
57002,364
57003,366
57004,367
57005,367
57006,366
57007,365
57008,364
57009,363
57010,363
57011,365
57012,366
57013,367
57014,366
57015,366
57016,364
57017,363
57018,363
57019,365
57020,366
57021,367
57022,367
57023,366
57024,365
57025,363
57026,363
57027,364
57028,366
57029,367
57030,367
57031,366
57032,365
57033,364
57034,363
57035,364
57036,365
57037,367
57038,367
57039,366
57040,366
57041,364
57042,363
57043,363
57044,365
57045,366
57046,367
57047,367
57048,366
57049,365
57050,364
57051,363
57052,364
57053,366
57054,367
57055,367
57056,366
57057,365
57058,364
57059,362
57060,364
57061,365
57062,367
57063,367
57064,367
57065,366
57066,365
57067,363
57068,364
57069,365
57070,366
57071,367
57072,367
57073,366
57074,365
57075,363
57076,363
57077,365
57078,366
57079,367
57080,367
57081,366
57082,365
57083,364
57084,363
57085,364
57086,366
57087,367
57088,367
57089,366
57090,365
57091,364
57092,363
57093,363
57094,365
57095,366
57096,367
57097,367
57098,366
57099,365
57100,364
57101,363
57102,364
57103,366
57104,367
57105,367
57106,366
57107,365
57108,364
57109,362
57110,364
57111,365
57112,367
57113,367
57114,367
57115,366
57116,364
57117,363
57118,363
57119,365
57120,366
57121,367
57122,367
57123,366
57124,365
57125,363
57126,363
57127,364
57128,366
57129,367
57130,367
57131,367
57132,365
57133,364
57134,363
57135,363
57136,365
57137,367
57138,367
57139,366
57140,366
57141,365
57142,363
57143,363
57144,365
57145,366
57146,367
